102
100
115
107
115
100
106
10
27
10
10
10
27
10
27
10
27
27
10
27
10
105
27
105
10
10
10
10
10
105
27
27
410
410
410
410
410
10
27
105
10
410
410
410
410
10
10
10
10
410
410
410
410
10
410
410
410
10
105
10
118
10
98
10
410
410
10
10
410
410
10
98
410
410
410
410
10
410
410
98
10
105
410
410
98
410
410
410
410
410
410
410
410
410
410
410
410
410
410
410
258
258
258
258
410
10
410
410
98
410
410
10
410
410
410
410
98
410
410
410
410
10
258
258
258
258
259
259
259
259
259
259
259
259
259
259
259
259
259
259
259
258
258
258
258
258
258
258
